ACCESSION: BLI003803
RECORD_TITLE: PE(16:0/22:6(4Z,7Z,10Z,13Z,16Z,19Z)); LC-ESI-QTOF; MS2; CE: 40; R=; [M+H]+
DATE: 2020.09.08
AUTHORS: BGC, Helmholtz Zentrum Muenchen
LICENSE: CC BY
COPYRIGHT: Copyright (C) 2020
COMMENT: CONFIDENCE Standard Compound
COMMENT: INTERNAL_ID 38
CH$NAME: PE(16:0/22:6(4Z,7Z,10Z,13Z,16Z,19Z))
CH$COMPOUND_CLASS: N/A; Metabolomics Standard
CH$FORMULA: C43H74NO8P
CH$EXACT_MASS: 763.5152
CH$SMILES: CCCCCCCCCCCCCCCC(=O)OC[C@H](COP(O)(=O)OCCN)OC(=O)CC\C=C/C\C=C/C\C=C/C\C=C/C\C=C/C\C=C/CC
CH$IUPAC: InChI=1S/C43H74NO8P/c1-3-5-7-9-11-13-15-17-18-19-20-21-22-24-26-28-30-32-34-36-43(46)52-41(40-51-53(47,48)50-38-37-44)39-49-42(45)35-33-31-29-27-25-23-16-14-12-10-8-6-4-2/h5,7,11,13,17-18,20-21,24,26,30,32,41H,3-4,6,8-10,12,14-16,19,22-23,25,27-29,31,33-40,44H2,1-2H3,(H,47,48)/b7-5-,13-11-,18-17-,21-20-,26-24-,32-30-/t41-/m1/s1
CH$LINK: INCHIKEY MPWUZHVZZKSTPV-MADBQMNMSA-N
CH$LINK: CHEMSPIDER 7825749
AC$INSTRUMENT: maXis plus UHR-ToF-MS, Bruker Daltonics
AC$INSTRUMENT_TYPE: LC-ESI-QTOF
AC$MASS_SPECTROMETRY: MS_TYPE MS2
AC$MASS_SPECTROMETRY: ION_MODE POSITIVE
AC$MASS_SPECTROMETRY: IONIZATION ESI
AC$MASS_SPECTROMETRY: FRAGMENTATION_MODE CID
AC$MASS_SPECTROMETRY: COLLISION_ENERGY 40
AC$CHROMATOGRAPHY: COLUMN_NAME CORTECS UPLC C18 1.6um, 2.1x150mm, Waters
AC$CHROMATOGRAPHY: FLOW_GRADIENT 68/32 at 0.0 min, 68/32 at 1.5 min, 3/97 at 21.0 min, 3/97 at 25.0 min
AC$CHROMATOGRAPHY: FLOW_RATE 250 uL/min
AC$CHROMATOGRAPHY: RETENTION_TIME 12.991 min
AC$CHROMATOGRAPHY: SOLVENT A 40% H2O / 60% ACN with 10 mM ammonium formate & 0.1% formic acid
AC$CHROMATOGRAPHY: SOLVENT B 10% ACN / 90% iPrOH with 10 mM ammonium formate & 0.1% formic acid
MS$FOCUSED_ION: BASE_PEAK 764.5217
MS$FOCUSED_ION: PRECURSOR_M/Z 764.5225
MS$FOCUSED_ION: PRECURSOR_TYPE [M+H]+
MS$DATA_PROCESSING:  
MS$DATA_PROCESSING: REANALYZE Peaks with additional N2/O included
MS$DATA_PROCESSING: WHOLE RMassBank 2.16.0
PK$SPLASH: splash10-00di-1410009000-3b80a6142bd58f58262c
PK$NUM_PEAK: 181
PK$PEAK: m/z int. rel.int.
  95.0501 710 7
  95.0862 13300 139
  96.0905 636 6
  97.0652 1176 12
  97.1019 3052 31
  98.0604 146 1
  98.4115 102 1
  99.1172 1684 17
  105.0699 3926 41
  106.075 266 2
  107.0489 242 2
  107.0858 4166 43
  109.0652 416 4
  109.1018 5620 58
  111.0794 202 2
  111.1173 548 5
  113.0601 186 1
  113.1328 796 8
  115.0549 334 3
  115.5233 118 1
  116.1979 96 1
  117.0704 2864 29
  119.086 6064 63
  120.0898 268 2
  121.0641 134 1
  121.1017 2166 22
  123.0802 294 3
  123.1175 2720 28
  124.0154 196 2
  124.118 108 1
  125.1338 646 6
  128.0613 154 1
  129.0703 2038 21
  130.0765 252 2
  131.0857 5182 54
  132.0903 364 3
  133.0629 156 1
  133.1016 2726 28
  135.0808 270 2
  135.1176 1720 18
  137.1338 946 9
  139.0747 166 1
  139.1171 106 1
  139.1484 138 1
  141.0694 812 8
  141.1628 132 1
  142.0252 178 1
  142.0791 158 1
  143.0859 1986 20
  145.102 2592 27
  146.106 178 1
  147.0822 286 2
  147.1168 1064 11
  148.1188 234 2
  149.0975 114 1
  149.1329 316 3
  151.1496 348 3
  155.0107 326 3
  155.0866 518 5
  157.1019 1062 11
  157.1594 148 1
  159.0815 160 1
  159.117 1892 19
  160.2737 96 1
  161.0974 300 3
  161.1332 1006 10
  164.268 104 1
  165.0471 124 1
  166.1659 114 1
  166.2727 104 1
  168.2209 108 1
  169.1016 710 7
  169.1573 106 1
  170.1353 96 1
  171.1174 1326 13
  172.1195 288 3
  173.1333 938 9
  173.2038 128 1
  175.1107 126 1
  175.1488 396 4
  177.1255 116 1
  181.0997 324 3
  181.9751 110 1
  182.1057 128 1
  183.1164 552 5
  184.1215 126 1
  185.1331 642 6
  186.1383 116 1
  187.1491 504 5
  188.1499 114 1
  189.1257 110 1
  189.1654 174 1
  191.1057 98 1
  192.3622 104 1
  195.1176 190 1
  197.1329 296 3
  198.0521 124 1
  198.1365 130 1
  199.1526 192 2
  201.1641 1552 16
  202.1675 238 2
  207.062 132 1
  207.5565 104 1
  209.1332 280 2
  211.1474 174 1
  211.5113 102 1
  213.1632 922 9
  215.1425 96 1
  215.1821 128 1
  221.227 500 5
  221.3295 104 1
  223.147 378 3
  225.164 466 4
  226.1677 172 1
  227.1797 328 3
  229.1586 128 1
  230.1711 122 1
  231.1376 126 1
  232.3025 102 1
  236.4255 98 1
  237.1625 362 3
  239.1793 588 6
  239.2372 4542 47
  240.2168 100 1
  240.238 558 5
  241.1522 106 1
  244.4168 102 1
  245.1543 102 1
  247.1707 104 1
  253.1937 276 2
  254.1979 288 3
  257.1529 130 1
  258.1561 132 1
  267.2108 256 2
  269.2265 96 1
  282.2798 1138 11
  283.2822 270 2
  293.2252 390 4
  294.2307 98 1
  295.2616 104 1
  297.2797 272 2
  306.0403 98 1
  309.2186 112 1
  311.1992 140 1
  311.2382 206 2
  311.2572 218 2
  313.2739 4772 49
  314.2763 776 8
  315.2791 98 1
  339.2303 128 1
  354.2787 3088 32
  355.2826 586 6
  367.2631 260 2
  367.2847 248 2
  385.2729 2330 24
  386.2751 576 6
  393.2394 582 6
  394.2484 204 2
  418.2677 236 2
  436.282 326 3
  454.2925 300 3
  465.0668 112 1
  480.0462 110 1
  519.1298 100 1
  548.3769 98 1
  550.2841 96 1
  562.963 100 1
  616.9785 96 1
  621.4976 110 1
  622.0038 98 1
  622.102 124 1
  622.1339 158 1
  622.2284 144 1
  622.401 138 1
  622.4847 170 1
  622.9875 202 2
  623.5033 95454 999
  624.5063 32152 336
  625.5094 3572 37
  626.2444 108 1
  626.5129 176 1
//
