ACCESSION: BLI003703
RECORD_TITLE: PE(16:0/20:4(5Z,8Z,11Z,14Z)); LC-ESI-QTOF; MS2; CE: 40; R=; [M+H]+
DATE: 2020.09.08
AUTHORS: BGC, Helmholtz Zentrum Muenchen
LICENSE: CC BY
COPYRIGHT: Copyright (C) 2020
COMMENT: CONFIDENCE Standard Compound
COMMENT: INTERNAL_ID 37
CH$NAME: PE(16:0/20:4(5Z,8Z,11Z,14Z))
CH$COMPOUND_CLASS: N/A; Metabolomics Standard
CH$FORMULA: C41H74NO8P
CH$EXACT_MASS: 739.5152
CH$SMILES: CCCCCCCCCCCCCCCC(=O)OC[C@H](COP(O)(=O)OCCN)OC(=O)CCC\C=C/C\C=C/C\C=C/C\C=C/CCCCC
CH$IUPAC: InChI=1S/C41H74NO8P/c1-3-5-7-9-11-13-15-17-18-19-20-22-24-26-28-30-32-34-41(44)50-39(38-49-51(45,46)48-36-35-42)37-47-40(43)33-31-29-27-25-23-21-16-14-12-10-8-6-4-2/h11,13,17-18,20,22,26,28,39H,3-10,12,14-16,19,21,23-25,27,29-38,42H2,1-2H3,(H,45,46)/b13-11-,18-17-,22-20-,28-26-/t39-/m1/s1
CH$LINK: INCHIKEY DRIVXEVMDWCWLI-CAQMIEAISA-N
CH$LINK: CHEMSPIDER 7825750
AC$INSTRUMENT: maXis plus UHR-ToF-MS, Bruker Daltonics
AC$INSTRUMENT_TYPE: LC-ESI-QTOF
AC$MASS_SPECTROMETRY: MS_TYPE MS2
AC$MASS_SPECTROMETRY: ION_MODE POSITIVE
AC$MASS_SPECTROMETRY: IONIZATION ESI
AC$MASS_SPECTROMETRY: FRAGMENTATION_MODE CID
AC$MASS_SPECTROMETRY: COLLISION_ENERGY 40
AC$CHROMATOGRAPHY: COLUMN_NAME CORTECS UPLC C18 1.6um, 2.1x150mm, Waters
AC$CHROMATOGRAPHY: FLOW_GRADIENT 68/32 at 0.0 min, 68/32 at 1.5 min, 3/97 at 21.0 min, 3/97 at 25.0 min
AC$CHROMATOGRAPHY: FLOW_RATE 250 uL/min
AC$CHROMATOGRAPHY: RETENTION_TIME 13.391 min
AC$CHROMATOGRAPHY: SOLVENT A 40% H2O / 60% ACN with 10 mM ammonium formate & 0.1% formic acid
AC$CHROMATOGRAPHY: SOLVENT B 10% ACN / 90% iPrOH with 10 mM ammonium formate & 0.1% formic acid
MS$FOCUSED_ION: BASE_PEAK 740.5214
MS$FOCUSED_ION: PRECURSOR_M/Z 740.5225
MS$FOCUSED_ION: PRECURSOR_TYPE [M+H]+
MS$DATA_PROCESSING:  
MS$DATA_PROCESSING: REANALYZE Peaks with additional N2/O included
MS$DATA_PROCESSING: WHOLE RMassBank 2.16.0
PK$SPLASH: splash10-01ot-2739072000-488d303f5adfcd4dd513
PK$NUM_PEAK: 236
PK$PEAK: m/z int. rel.int.
  95.086 17646 229
  97.0654 1584 20
  97.1018 4294 55
  98.985 130 1
  99.1176 1934 25
  101.0603 174 2
  101.9978 136 1
  103.075 220 2
  105.0702 4708 61
  107.0856 4194 54
  109.1012 6850 89
  111.0802 334 4
  111.1169 966 12
  113.1328 756 9
  114.2337 114 1
  116.0668 116 1
  117.0699 3120 40
  119.0857 8172 106
  121.1013 3440 44
  123.0807 1432 18
  123.1171 3166 41
  124.0148 276 3
  125.096 738 9
  125.1322 770 10
  126.1338 130 1
  127.1477 346 4
  128.1505 116 1
  129.056 108 1
  129.0692 1088 14
  131.0858 2752 35
  133.1016 5662 73
  135.0809 300 3
  135.1171 1550 20
  136.1214 150 1
  137.0968 184 2
  137.1334 2356 30
  139.0724 128 1
  139.1129 166 2
  139.1485 240 3
  141.0713 196 2
  141.1626 280 3
  141.9894 134 1
  143.0575 102 1
  143.0858 1010 13
  145.1014 1412 18
  147.0811 260 3
  147.1174 2656 34
  148.1213 184 2
  148.4994 114 1
  149.0968 340 4
  149.1323 798 10
  150.4799 98 1
  150.5121 104 1
  151.1118 146 1
  151.1482 630 8
  153.0877 102 1
  153.1259 174 2
  153.1626 166 2
  155.0107 462 6
  155.9608 106 1
  156.2933 154 2
  157.1012 1760 22
  160.3841 102 1
  161.0963 266 3
  161.1327 1456 18
  163.1479 850 11
  167.1694 98 1
  169.1773 104 1
  169.1953 180 2
  170.9945 100 1
  171.1167 1520 19
  172.1192 410 5
  173.1304 340 4
  173.1708 100 1
  173.4426 102 1
  175.0627 150 1
  175.1124 258 3
  175.1488 846 11
  176.1508 144 1
  176.348 98 1
  177.0512 108 1
  177.1263 106 1
  177.1628 510 6
  178.4754 102 1
  179.1783 218 2
  180.1832 144 1
  182.1967 120 1
  183.1188 148 1
  185.1325 904 11
  187.1128 232 3
  187.1483 514 6
  188.1159 96 1
  189.1272 274 3
  189.1625 826 10
  190.1723 110 1
  191.1073 114 1
  191.181 166 2
  192.0447 98 1
  193.123 136 1
  195.1187 184 2
  195.4966 152 1
  196.9799 170 2
  197.1285 116 1
  198.0546 108 1
  199.1478 856 11
  199.2189 110 1
  199.2404 96 1
  200.1535 110 1
  201.1643 1104 14
  201.196 142 1
  202.1697 104 1
  203.1792 7686 100
  204.1818 1172 15
  204.3483 118 1
  205.1933 270 3
  205.2412 104 1
  206.3743 100 1
  206.5128 106 1
  207.2633 114 1
  209.2191 116 1
  213.0934 126 1
  213.1636 232 3
  215.0433 162 2
  215.178 414 5
  216.0651 230 2
  216.1807 146 1
  217.1238 144 1
  217.1606 122 1
  217.1923 134 1
  218.1982 120 1
  221.2253 612 7
  222.2266 128 1
  225.0809 98 1
  227.1794 304 3
  228.1859 106 1
  229.1954 226 2
  230.1014 100 1
  230.1934 112 1
  230.4336 96 1
  233.1883 110 1
  234.4987 110 1
  237.3213 100 1
  237.5621 166 2
  239.2364 7320 95
  240.2395 988 12
  241.1937 330 4
  241.2437 106 1
  241.3766 140 1
  242.1961 186 2
  243.2087 142 1
  247.1899 108 1
  251.438 110 1
  257.2464 642 8
  258.2473 224 2
  259.2043 222 2
  259.2397 182 2
  263.0167 112 1
  265.5801 156 2
  267.2092 164 2
  269.2261 2660 34
  270.2285 606 7
  271.2424 378 4
  275.2635 114 1
  276.2651 166 2
  279.9915 144 1
  282.2779 1600 20
  283.2149 122 1
  283.2825 210 2
  287.205 120 1
  287.2352 638 8
  287.4125 98 1
  288.24 166 2
  290.0389 100 1
  293.1528 104 1
  295.2603 128 1
  297.2761 242 3
  301.2192 114 1
  303.1664 148 1
  307.242 202 2
  307.3873 134 1
  311.2324 114 1
  311.258 1118 14
  312.2573 106 1
  313.273 67888 884
  314.2771 9892 128
  315.2342 98 1
  315.2794 644 8
  325.0644 132 1
  325.2531 186 2
  330.2784 4000 52
  331.2825 852 11
  343.2623 706 9
  344.2686 138 1
  359.2596 186 2
  361.2739 2314 30
  362.2784 224 2
  367.2842 3166 41
  368.2871 748 9
  369.2865 170 2
  379.3199 236 3
  393.2413 634 8
  399.5189 102 1
  407.3126 194 2
  411.1109 96 1
  418.2791 180 2
  435.3473 228 2
  436.282 474 6
  436.3523 182 2
  454.1759 102 1
  454.2872 310 4
  455.0881 98 1
  470.3596 116 1
  477.1727 102 1
  520.0223 96 1
  539.3106 124 1
  545.23 104 1
  545.4597 96 1
  545.5355 100 1
  550.0742 114 1
  576.3883 114 1
  579.1981 98 1
  593.5145 104 1
  594.4808 110 1
  598.1486 100 1
  598.1736 100 1
  598.1957 108 1
  598.2579 110 1
  598.327 106 1
  598.3668 144 1
  598.4883 182 2
  598.5115 160 2
  599.5029 76674 999
  600.5067 27324 356
  601.5103 3398 44
  602.5161 256 3
  642.5496 164 2
//
