ACCESSION: BLI004303
RECORD_TITLE: PE(18:0/20:4(5Z,8Z,11Z,14Z)); LC-ESI-QTOF; MS2; CE: 40; R=; [M+H]+
DATE: 2020.09.08
AUTHORS: BGC, Helmholtz Zentrum Muenchen
LICENSE: CC BY
COPYRIGHT: Copyright (C) 2020
COMMENT: CONFIDENCE Standard Compound
COMMENT: INTERNAL_ID 43
CH$NAME: PE(18:0/20:4(5Z,8Z,11Z,14Z))
CH$COMPOUND_CLASS: N/A; Metabolomics Standard
CH$FORMULA: C43H78NO8P
CH$EXACT_MASS: 767.5465
CH$SMILES: CCCCCCCCCCCCCCCCCC(=O)OC[C@H](COP(O)(=O)OCCN)OC(=O)CCC\C=C/C\C=C/C\C=C/C\C=C/CCCCC
CH$IUPAC: InChI=1S/C43H78NO8P/c1-3-5-7-9-11-13-15-17-19-20-22-24-26-28-30-32-34-36-43(46)52-41(40-51-53(47,48)50-38-37-44)39-49-42(45)35-33-31-29-27-25-23-21-18-16-14-12-10-8-6-4-2/h11,13,17,19,22,24,28,30,41H,3-10,12,14-16,18,20-21,23,25-27,29,31-40,44H2,1-2H3,(H,47,48)/b13-11-,19-17-,24-22-,30-28-/t41-/m1/s1
CH$LINK: INCHIKEY ANRKEHNWXKCXDB-BHFWLYLHSA-N
CH$LINK: CHEMSPIDER 4451158
AC$INSTRUMENT: maXis plus UHR-ToF-MS, Bruker Daltonics
AC$INSTRUMENT_TYPE: LC-ESI-QTOF
AC$MASS_SPECTROMETRY: MS_TYPE MS2
AC$MASS_SPECTROMETRY: ION_MODE POSITIVE
AC$MASS_SPECTROMETRY: IONIZATION ESI
AC$MASS_SPECTROMETRY: FRAGMENTATION_MODE CID
AC$MASS_SPECTROMETRY: COLLISION_ENERGY 40
AC$CHROMATOGRAPHY: COLUMN_NAME CORTECS UPLC C18 1.6um, 2.1x150mm, Waters
AC$CHROMATOGRAPHY: FLOW_GRADIENT 68/32 at 0.0 min, 68/32 at 1.5 min, 3/97 at 21.0 min, 3/97 at 25.0 min
AC$CHROMATOGRAPHY: FLOW_RATE 250 uL/min
AC$CHROMATOGRAPHY: RETENTION_TIME 14.498 min
AC$CHROMATOGRAPHY: SOLVENT A 40% H2O / 60% ACN with 10 mM ammonium formate & 0.1% formic acid
AC$CHROMATOGRAPHY: SOLVENT B 10% ACN / 90% iPrOH with 10 mM ammonium formate & 0.1% formic acid
MS$FOCUSED_ION: BASE_PEAK 768.5523
MS$FOCUSED_ION: PRECURSOR_M/Z 768.5538
MS$FOCUSED_ION: PRECURSOR_TYPE [M+H]+
MS$DATA_PROCESSING:  
MS$DATA_PROCESSING: REANALYZE Peaks with additional N2/O included
MS$DATA_PROCESSING: WHOLE RMassBank 2.16.0
PK$SPLASH: splash10-004l-1516009000-308f954d4cfa9fbc587b
PK$NUM_PEAK: 192
PK$PEAK: m/z int. rel.int.
  95.0864 9316 142
  97.066 1424 21
  97.1019 4288 65
  98.1062 140 2
  98.9849 132 2
  99.0808 376 5
  99.1179 858 13
  101.0597 154 2
  101.1747 108 1
  105.0705 3174 48
  107.0859 2174 33
  109.0658 238 3
  109.1015 3522 54
  111.0816 110 1
  111.117 1280 19
  111.3488 102 1
  112.1007 98 1
  113.0963 248 3
  113.133 670 10
  115.0537 96 1
  115.3228 126 1
  117.0698 1596 24
  119.0858 4372 67
  121.0654 192 2
  121.1013 2092 32
  123.0814 702 10
  123.1171 2142 32
  124.0157 268 4
  125.0961 392 6
  125.1309 276 4
  127.1469 162 2
  129.0695 918 14
  131.0863 2194 33
  132.0901 260 3
  133.101 2658 40
  135.0818 194 2
  135.1171 1268 19
  137.0975 166 2
  137.1332 1074 16
  137.966 100 1
  138.1392 152 2
  139.1478 120 1
  141.1268 106 1
  142.0291 158 2
  142.0744 112 1
  142.2376 96 1
  143.0847 420 6
  145.1013 1092 16
  146.1017 174 2
  147.0817 180 2
  147.1163 1354 20
  149.0948 144 2
  149.1328 418 6
  151.1495 532 8
  153.1349 98 1
  155.0116 398 6
  155.177 156 2
  155.5278 96 1
  157.1009 1236 18
  158.1054 130 1
  159.1171 862 13
  161.0977 186 2
  161.1317 1020 15
  161.9746 98 1
  162.134 250 3
  163.1119 208 3
  163.1487 846 12
  165.1638 230 3
  167.0664 114 1
  168.1127 106 1
  169.102 132 2
  171.1162 1138 17
  173.064 104 1
  173.1299 326 4
  175.11 302 4
  175.1471 826 12
  176.1509 130 1
  176.3556 110 1
  177.1279 138 2
  177.1627 566 8
  180.1782 132 2
  181.5996 100 1
  182.3742 98 1
  183.12 118 1
  185.1313 530 8
  186.1338 108 1
  187.1474 370 5
  189.1271 126 1
  189.1635 590 9
  191.106 104 1
  191.1782 200 3
  191.279 110 1
  193.1932 138 2
  197.1308 110 1
  198.0518 142 2
  198.1535 96 1
  199.1484 662 10
  199.1972 104 1
  201.1278 180 2
  201.1622 452 6
  203.1792 5780 88
  205.1199 126 1
  205.1946 126 1
  212.2333 104 1
  213.1616 174 2
  214.5428 100 1
  215.1788 344 5
  216.2751 112 1
  227.1774 204 3
  229.1926 146 2
  232.2386 146 2
  236.356 104 1
  236.5652 98 1
  241.1919 468 7
  245.1888 168 2
  247.5758 126 1
  248.4874 130 1
  249.2566 400 6
  252.4396 106 1
  252.5228 126 1
  260.0399 124 1
  262.2054 112 1
  264.4377 112 1
  267.211 166 2
  267.2672 2490 38
  268.2448 116 1
  268.2703 524 8
  269.0771 126 1
  269.2255 1954 29
  270.2294 532 8
  271.0199 114 1
  271.2445 280 4
  273.5949 104 1
  275.2302 104 1
  285.2228 130 1
  285.2782 594 9
  286.2788 100 1
  287.2369 334 5
  288.2403 204 3
  297.4835 108 1
  299.9901 102 1
  301.0937 108 1
  302.4141 110 1
  303.2893 182 2
  307.2484 110 1
  310.3101 1186 18
  311.3134 260 3
  316.1204 118 1
  321.1553 100 1
  322.0158 98 1
  325.2493 194 2
  325.3104 222 3
  329.1555 98 1
  330.2794 4256 65
  331.282 658 10
  337.4223 124 1
  339.2879 754 11
  340.2911 108 1
  341.3043 47298 725
  342.3077 7254 111
  343.2208 132 2
  343.2629 446 6
  343.3105 632 9
  344.2642 124 1
  361.2722 1852 28
  362.2756 442 6
  395.3151 2198 33
  396.318 526 8
  421.2698 418 6
  446.3109 114 1
  463.3769 380 5
  464.3129 326 4
  465.3178 138 2
  477.3873 112 1
  482.3224 328 5
  571.0087 100 1
  580.5886 100 1
  582.3362 96 1
  593.115 108 1
  602.5089 108 1
  625.3476 102 1
  626.0783 116 1
  626.3234 100 1
  626.4155 112 1
  626.4655 134 2
  626.5422 112 1
  626.6058 106 1
  626.9387 196 3
  627.5342 65152 999
  628.5372 22266 341
  629.5402 2464 37
  630.5352 142 2
//
