ACCESSION: BLI004403
RECORD_TITLE: PE(18:0/22:6(4Z,7Z,10Z,13Z,16Z,19Z)); LC-ESI-QTOF; MS2; CE: 40; R=; [M+H]+
DATE: 2020.09.08
AUTHORS: BGC, Helmholtz Zentrum Muenchen
LICENSE: CC BY
COPYRIGHT: Copyright (C) 2020
COMMENT: CONFIDENCE Standard Compound
COMMENT: INTERNAL_ID 44
CH$NAME: PE(18:0/22:6(4Z,7Z,10Z,13Z,16Z,19Z))
CH$COMPOUND_CLASS: N/A; Metabolomics Standard
CH$FORMULA: C45H78NO8P
CH$EXACT_MASS: 791.5465
CH$SMILES: CCCCCCCCCCCCCCCCCC(=O)OC[C@H](COP(O)(=O)OCCN)OC(=O)CC\C=C/C\C=C/C\C=C/C\C=C/C\C=C/C\C=C/CC
CH$IUPAC: InChI=1S/C45H78NO8P/c1-3-5-7-9-11-13-15-17-19-20-21-22-24-26-28-30-32-34-36-38-45(48)54-43(42-53-55(49,50)52-40-39-46)41-51-44(47)37-35-33-31-29-27-25-23-18-16-14-12-10-8-6-4-2/h5,7,11,13,17,19,21-22,26,28,32,34,43H,3-4,6,8-10,12,14-16,18,20,23-25,27,29-31,33,35-42,46H2,1-2H3,(H,49,50)/b7-5-,13-11-,19-17-,22-21-,28-26-,34-32-/t43-/m1/s1
CH$LINK: INCHIKEY XYYHNDVKALDFHQ-OXHZBIAZSA-N
CH$LINK: CHEMSPIDER 7825748
AC$INSTRUMENT: maXis plus UHR-ToF-MS, Bruker Daltonics
AC$INSTRUMENT_TYPE: LC-ESI-QTOF
AC$MASS_SPECTROMETRY: MS_TYPE MS2
AC$MASS_SPECTROMETRY: ION_MODE POSITIVE
AC$MASS_SPECTROMETRY: IONIZATION ESI
AC$MASS_SPECTROMETRY: FRAGMENTATION_MODE CID
AC$MASS_SPECTROMETRY: COLLISION_ENERGY 40
AC$CHROMATOGRAPHY: COLUMN_NAME CORTECS UPLC C18 1.6um, 2.1x150mm, Waters
AC$CHROMATOGRAPHY: FLOW_GRADIENT 68/32 at 0.0 min, 68/32 at 1.5 min, 3/97 at 21.0 min, 3/97 at 25.0 min
AC$CHROMATOGRAPHY: FLOW_RATE 250 uL/min
AC$CHROMATOGRAPHY: RETENTION_TIME 14.160 min
AC$CHROMATOGRAPHY: SOLVENT A 40% H2O / 60% ACN with 10 mM ammonium formate & 0.1% formic acid
AC$CHROMATOGRAPHY: SOLVENT B 10% ACN / 90% iPrOH with 10 mM ammonium formate & 0.1% formic acid
MS$FOCUSED_ION: BASE_PEAK 792.5522
MS$FOCUSED_ION: PRECURSOR_M/Z 792.5538
MS$FOCUSED_ION: PRECURSOR_TYPE [M+H]+
MS$DATA_PROCESSING:  
MS$DATA_PROCESSING: REANALYZE Peaks with additional N2/O included
MS$DATA_PROCESSING: WHOLE RMassBank 2.16.0
PK$SPLASH: splash10-0udi-0301009000-ce39784122626cfb82d9
PK$NUM_PEAK: 169
PK$PEAK: m/z int. rel.int.
  95.0865 6804 88
  96.0903 632 8
  97.102 3288 42
  99.0803 178 2
  99.1179 654 8
  105.0704 3266 42
  107.0861 2402 31
  109.0643 328 4
  109.1014 3450 45
  111.118 1368 17
  112.052 108 1
  113.0609 162 2
  113.1309 218 2
  115.0525 102 1
  117.07 2632 34
  119.0855 2890 37
  120.0898 392 5
  121.0653 246 3
  121.1015 1644 21
  123.0817 144 1
  123.117 1908 24
  124.0171 264 3
  125.0593 134 1
  125.1328 238 3
  127.149 398 5
  128.0634 104 1
  129.0698 1008 13
  131.0853 3356 43
  133.1015 1920 25
  135.0788 352 4
  135.1161 562 7
  136.1215 128 1
  137.0946 196 2
  137.1323 690 9
  140.1414 100 1
  141.0704 474 6
  141.1617 136 1
  142.2995 104 1
  143.0859 660 8
  145.1012 1942 25
  146.1054 154 2
  147.1166 902 11
  149.0972 122 1
  149.1308 166 2
  151.1484 194 2
  155.0128 314 4
  155.0863 352 4
  157.1003 736 9
  159.0785 186 2
  159.118 964 12
  161.1328 758 9
  162.0294 122 1
  162.1374 108 1
  165.0958 134 1
  165.1632 166 2
  167.0849 206 2
  169.101 498 6
  171.1172 562 7
  173.0941 98 1
  173.1334 752 9
  174.1379 170 2
  175.1481 310 4
  175.405 98 1
  177.0888 192 2
  179.1067 142 1
  179.1792 110 1
  181.1007 322 4
  183.1169 528 6
  183.2103 118 1
  184.1336 126 1
  185.1316 462 6
  187.1113 148 1
  187.1468 308 4
  188.3451 106 1
  189.1273 150 1
  189.1617 118 1
  189.183 96 1
  193.1971 98 1
  197.1331 218 2
  199.1161 154 2
  199.1494 470 6
  201.1264 104 1
  201.1633 842 10
  202.1686 112 1
  203.1069 112 1
  208.1288 102 1
  209.1353 174 2
  211.1473 234 3
  212.1511 118 1
  212.4185 108 1
  213.1646 176 2
  214.1683 178 2
  223.1468 450 5
  225.162 310 4
  227.1406 134 1
  227.1803 324 4
  228.1827 114 1
  229.1576 126 1
  233.0845 130 1
  237.1612 108 1
  238.1669 98 1
  239.1785 254 3
  241.192 120 1
  249.2577 416 5
  251.1448 96 1
  257.1518 104 1
  267.267 3136 40
  268.2682 340 4
  269.1492 98 1
  269.231 118 1
  271.1674 130 1
  273.1834 134 1
  279.1741 102 1
  285.1871 114 1
  290.1672 98 1
  293.2253 236 3
  310.3089 666 8
  311.2367 418 5
  311.3115 348 4
  322.9783 96 1
  323.2914 128 1
  324.2989 106 1
  325.3107 108 1
  340.3754 96 1
  341.304 4120 53
  342.3076 736 9
  354.2769 2708 35
  355.2815 778 10
  367.2619 422 5
  368.2672 130 1
  369.3127 122 1
  383.2572 126 1
  383.315 108 1
  385.2277 108 1
  385.2735 2110 27
  386.2772 484 6
  395.3141 136 1
  396.3177 96 1
  421.2694 270 3
  422.2679 100 1
  446.3024 280 3
  464.3116 294 3
  465.3104 104 1
  482.3237 388 5
  533.3763 118 1
  562.4885 98 1
  569.2723 102 1
  574.1164 110 1
  597.2018 98 1
  597.4558 118 1
  608.9567 120 1
  613.2541 96 1
  643.1437 108 1
  650.0237 132 1
  650.0679 114 1
  650.1329 108 1
  650.2651 138 1
  650.3096 212 2
  650.4206 214 2
  650.5128 110 1
  650.5726 200 2
  650.9388 136 1
  650.9878 140 1
  651.5336 76498 999
  652.537 30128 393
  653.0391 128 1
  653.5399 3792 49
  654.5494 206 2
  695.574 100 1
//
